12290
12293
11970
12292
12291
12236
12294
12237
11969
11972
11968
12269
11971
12295
12238
12334
12225
12240
11973
11967
12392
12234
12239
12336
12393
12241
11966
12264
12233
11975
11965
12235
12265
11974
12224
12360
12251
12243
12250
12337
12232
12339
12223
11685
12091
11687
12361
12335
12358
12242
11963
11686
12460
12252
12244
12249
12286
12403
12359
11964
12262
12253
12338
12254
12222
12287
12266
11976
12245
12364
12362
11900
11901
12111
12120
12221
11684
12457
12168
12219
12365
12459
11961
12220
12246
12170
12267
11962
12288
12458
12357
11688
12218
12285
12247
11689
12263
12340
11683
12209
12401
11904
12363
12341
11902
12348
12215
12255
11977
11978
12455
12172
12212
12248
12214
11906
11960
12167
12456
12453
11709
11959
12402
11682
12211
12207
12089
12217
11899
11711
12342
12202
12216
12439
12210
12428
12088
11907
11710
11712
12271
11909
12166
12199
11908
12038
11911
11713
12213
12208
12454
11910
11690
12169
11903
12272
11958
12441
11905
11707
11715
12037
11957
12173
12449
12343
11954
11714
12452
12270
12154
12434
11703
11705
12093
12356
11716
12090
11691
11915
11979
11701
11913
11717
12194
12443
11898
11951
11952
11680
12174
11917
12427
11708
11704
11919
11718
11955
12442
11921
12095
12094
11918
12344
12461
11920
12440
12086
12391
11912
12087
11980
11706
12092
12198
12096
11681
11922
11696
12175
11768
11700
12450
11924
11953
12180
11769
12451
11699
12425
12423
12309
12413
12153
11916
11719
11927
11721
11702
11925
11936
11956
12110
12171
11914
12414
12310
11695
11981
11778
11937
11692
11923
11929
12109
11926
12046
11767
11771
12227
12416
12311
12308
11950
12108
12352
11720
12418
12176
12407
12419
12312
12031
11765
12177
11935
11722
12036
11928
12420
11698
12345
11675
12196
12097
11949
11934
11697
11679
12268
12355
12306
11770
12422
11938
11766
12415
12346
12417
12424
12304
12119
11773
12351
11693
11933
11940
12307
11948
11775
11764
12283
12302
12206
12178
11930
12098
12162
12107
12276
11772
12408
12226
12113
12106
11777
11678
12161
11939
12305
12105
12354
11931
12347
11724
12303
12383
12318
12114
11723
12300
12100
12326
12076
12099
11674
11945
11694
11942
11665
12115
12324
11932
11762
12421
11661
12181
12179
11763
12382
12157
11947
11663
12077
11776
12112
12314
12030
11660
12104
12322
12333
12103
12319
12284
11896
12301
11946
12353
12327
12313
12325
12197
11774
12399
11943
11941
12384
12316
12048
11725
12320
12074
12118
11677
11944
12079
12349
11982
12323
11726
12426
11761
12116
11728
12315
12072
12328
12155
12438
12144
11658
12135
12078
12281
11897
12321
12156
12385
12182
12381
11673
12400
12192
11760
12203
12102
12075
12437
12329
12447
12274
11757
12101
12350
12412
12117
12080
12397
12049
12331
12143
12275
12057
11676
11659
12073
12330
12053
12069
12398
12058
11759
12380
12047
11406
11662
12130
12028
11664
12081
12282
12183
11755
11983
12071
12394
12184
12411
12055
12445
11727
12054
12050
12386
12448
12259
12136
11729
12052
11669
12145
11730
11756
11754
12446
12082
12317
12444
12375
12332
12070
12084
12395
12131
12387
12134
11758
12029
12056
12051
12132
12146
12258
11657
12158
12059
12379
12273
12133
12083
12191
11666
12068
12060
12163
12257
12061
12147
12376
11753
12378
12410
12435
11670
12165
12260
12067
12389
12388
11671
12374
12085
12368
11752
12409
12062
12373
11743
12278
12436
12193
11732
12377
11407
11742
11745
11656
11404
12063
12164
12396
12370
12390
11751
12371
11740
11405
11731
11747
12280
11750
11741
11748
12035
11672
11738
12367
11749
11668
11746
11739
11409
11737
12065
12015
11734
12369
12372
11744
11736
12190
12064
11733
11403
11735
12066
12261
12040
11654
11667
12186
12279
12129
12022
11408
11655
11984
12433
12039
12034
12021
12188
12027
11402
12189
11895
12020
11410
12277
11653
12185
11894
12187
12404
12014
12033
12431
12432
12128
12406
12405
11652
11985
12025
11892
11411
12023
11801
12019
12430
11889
11986
11400
12026
11401
12126
12024
11802
11893
12013
12429
11888
11412
11891
11651
11804
12123
12127
12012
11890
11414
11796
12032
11800
11650
12010
12201
11797
12016
11417
12007
11413
11987
11631
12011
11798
12008
11887
11886
11805
11632
11649
11416
12124
12009
11867
11818
11643
12121
11415
11647
11645
11799
12006
11803
11628
11399
11988
11638
12125
11637
11641
11634
11418
11816
12366
11868
11642
11648
11646
11640
11629
11635
11644
11817
11630
11795
12122
11639
12298
12200
11866
11885
11865
11398
11989
11794
12002
11807
321
768
333
319
322
27
318
325
320
781
323
331
332
29
334
1017
1018
317
327
324
515
330
838
24
175
31
335
289
819
757
316
329
173
756
288
328
28
336
326
177
508
30
566
817
286
174
22
755
287
176
291
290
816
171
818
26
285
510
509
172
507
698
802
567
94
178
11
180
565
283
21
758
561
1061
412
337
314
91
512
23
284
20
95
292
1063
315
9
782
293
169
93
170
759
25
12
282
760
281
386
89
385
295
32
415
413
19
294
7
86
822
414
10
815
305
313
312
511
296
88
13
179
297
408
8
280
303
809
560
92
1062
568
15
279
298
306
808
784
299
14
302
308
216
304
807
97
278
821
133
6
277
80
311
161
276
300
16
416
823
201
18
182
134
156
310
833
17
301
96
135
131
218
159
810
814
569
806
82
154
157
307
132
87
811
832
804
545
90
99
84
136
805
217
5
751
130
4
162
824
309
137
417
546
783
693
801
215
163
85
181
2
155
33
160
794
694
812
200
695
204
542
219
98
164
692
79
158
785
543
548
139
696
275
540
525
102
544
149
214
153
203
710
101
138
83
129
166
547
523
3
1
813
150
140
37
103
521
0
570
148
152
835
206
128
1093
528
100
541
165
167
526
527
146
697
208
524
34
168
81
104
1094
522
410
151
105
141
183
1091
147
213
117
145
1089
39
126
115
142
274
384
834
571
1067
118
549
520
116
795
529
539
1090
1095
517
519
1087
35
409
273
530
184
40
143
107
381
564
212
699
122
220
841
207
124
110
513
112
108
554
343
400
119
531
106
144
202
114
840
516
550
518
754
556
38
401
341
127
842
210
563
377
205
532
346
272
533
418
113
380
553
109
383
111
857
125
555
399
562
1073
36
551
120
787
1064
797
342
344
537
836
844
514
534
382
345
397
535
376
340
1074
538
858
1071
850
796
211
552
573
348
536
209
271
379
263
123
121
1069
1072
572
1068
701
849
786
378
12463
1070
258
270
1076
395
349
42
557
41
12462
1075
1021
347
398
233
227
12464
845
222
837
402
375
847
843
675
339
199
256
1016
224
186
265
374
235
830
223
226
829
351
229
221
558
338
848
225
752
232
43
396
228
846
574
789
367
237
368
350
366
404
262
269
231
419
389
390
1020
264
403
411
352
266
373
255
388
230
387
364
371
236
234
363
361
391
267
370
259
702
709
365
392
407
405
257
353
362
240
700
260
372
268
394
238
753
261
393
369
788
798
763
762
711
241
247
246
239
853
354
253
254
356
406
854
355
750
360
559
185
765
779
358
359
792
249
244
715
420
250
856
242
766
357
252
243
767
245
780
764
248
790
44
251
575
769
45
704
855
708
714
198
677
421
800
712
197
576
577
703
791
706
676
799
47
580
828
187
46
422
52
725
713
820
667
707
670
196
190
793
668
194
726
423
51
723
48
705
424
54
578
192
188
770
669
724
56
672
49
665
583
582
195
671
53
1132
189
426
50
666
425
722
193
720
55
851
579
1130
761
678
58
191
506
1133
581
772
428
717
1131
584
598
664
427
721
429
595
57
679
716
663
586
505
771
1078
588
601
852
585
1134
431
719
599
59
596
727
662
718
504
430
494
603
503
1150
432
831
774
1148
60
773
593
825
492
502
728
491
1143
597
661
587
602
433
729
589
591
1149
660
501
604
681
594
730
493
826